# KingShot Player IDs
# Format: PlayerID  OptionalName
# Lines starting with # are ignored

258057157
186454774
187585744
187471222
186782625
186454774
185586338
185488094
187552616
185766412
187011792
188011136
187388827
187454162
186159642
188715894
185521257
187552911
186389212
185061907
187962430
188208079
187699925
186962470
189316978
187847943
187339670
186094300
203205697
185849210
186209105
188158923
187601999
185242143
184717992
188241144
185422612
186110910
187470589
185013052
186831631
185881316
187634460
185062436
186733554
210007047
188683490
277939886
187503684
184767862
187519927
187618072
188027558
185374058
188388499
186061709
188584743
188126167
185635819
187978994
185554052
258057157
187716972
186241749
214222018
187700570
187700577
187065477
186062239
187077697
187159566
184947831
188306365
188437244
186553062
226191958
186405844
240398500
261638918
245142705
234811805
299577980
293588124
305301061
290758042
206784124
324292991
124834701
204300234
274724900
270705414
187470545
186061613
185865294
188224058
187258096
188224460
184669353
185422917
188158712
185684767
186880973
188224497
186028993
201206813
220378043
185242322
237332892
253212612
242524757
186765998
187175708
187667748
188011277
185209458
202333220
185946754
187077103
188322685
187618294
185324250
185390481
185439651
185128233
187716471
247818158
223031718
185767005
264659590
186094611
187995432
187978830
185586338
185062309
188584817
187470580
186504123
186356699
188584455
185062019
186094881
187454162

